Date,x1,x2,x3,x4,x5,x6,x7,x8,x9,x10,x11,y
2023-12-24-22:09:55,0.1,0.2,0.2,0.3,0.5,0.6,0.7,0.01,0.4,0.44,0.6,0.476956454481181
2024-01-11-01:54:36,0.9,0.4,0.99,0.9,0.88,0.44,0.55,0.7,0.8,0.7,0.9,0.359383844840096
2024-01-11-01:55:42,0.9,0.4,0.99,0.9,0.88,0.44,0.55,0.7,0.8,0.7,0.9,0.356076868908877
2024-01-11-01:55:43,0.99,0.99,0.99,0.99,0.99,0.99,0.99,0.99,0.99,0.99,0.99,-0.827851601703828
2024-01-11-01:56:50,0.9,0.9,0.9,0,0.9,0.9,0.9,0.9,0.9,0.9,0.9,-0.598844760736545
2024-01-11-01:58:10,0.4,0.4,0.4,0.5,0.4,0.5,0.7,0.8,0.3,0.7,0.6,1.15234252216124
2024-01-11-01:59:14,0.5,0.5,0.5,0.5,0.4,0.5,0.7,0.8,0.3,0.7,0.6,1.45881225271805
2024-01-11-01:59:31,0.6,0.6,0.6,0.5,0.4,0.5,0.7,0.8,0.3,0.7,0.6,1.9364236724669
2024-01-11-01:59:47,0.8,0.8,0.8,0.5,0.4,0.5,0.7,0.8,0.3,0.7,0.6,2.2479109090435
2024-01-11-02:00:00,0.9,0.9,0.9,0.5,0.4,0.5,0.7,0.8,0.3,0.7,0.6,0.995567790547993
2024-01-11-02:01:01,0.8,0.8,0.8,0.8,0.8,0.8,0.8,0.8,0.8,0.8,0.6,1.45880286280507
2024-01-11-02:02:11,0.7,0.7,0.7,0.8,0.8,0.8,0.8,0.8,0.8,0.8,0.6,1.66299053820336
2024-01-11-02:02:42,0.1,0.7,0.7,0.8,0.8,0.8,0.8,0.8,0.8,0.8,0.6,0.0489942903359019
2024-01-11-02:02:54,0.7,0.1,0.7,0.8,0.8,0.8,0.8,0.8,0.8,0.8,0.6,1.66138767993118
2024-01-11-02:03:27,0.7,0.1,0.1,0.8,0.8,0.8,0.8,0.8,0.8,0.8,0.6,1.6651520349718
2024-01-11-02:04:07,0.7,0.1,0,0.8,0.8,0.8,0.8,0.8,0.8,0.8,0.6,1.66001898978247
2024-01-11-02:04:18,0.7,0,0,0.8,0.8,0.8,0.8,0.8,0.8,0.8,0.6,1.66001251198204
2024-01-11-02:04:44,0.7,0,0,0,0.8,0.8,0.8,0.8,0.8,0.8,0.6,1.05513186163899
2024-01-11-02:04:58,0.7,0,0,0.7,0.8,0.8,0.8,0.8,0.8,0.8,0.6,1.5836744539264
2024-01-11-02:05:18,0.7,0,0,0.7,0,0.8,0.8,0.8,0.8,0.8,0.6,1.58537382052504
2024-01-11-02:05:34,0.7,0,0,0.7,0,0.7,0.8,0.8,0.8,0.8,0.6,1.58528906440273
2024-01-11-02:05:54,0.7,0,0,0.7,0,0.6,0.8,0.8,0.8,0.8,0.6,1.58201006998079
2024-01-11-02:06:08,0.7,0,0,0.7,0,0.7,0,0.8,0.8,0.8,0.6,1.75425217097751
2024-01-11-02:07:01,0.7,0,0,0.7,0,0.7,0,0,0.8,0.8,0.6,1.757694423375
2024-01-11-02:07:20,0.7,0,0,0.7,0,0.7,0,0.7,0.8,0.8,0.6,1.75393344326388
2024-01-11-02:11:12,0.7,0,0,0.7,0,0.7,0,0.7,0.8,0.8,0.6,1.75448227979119
2024-01-11-02:11:56,0.7,0,0,0.7,0,0.7,0,0.7,0,0.8,0.6,3.35298160482809
2024-01-11-02:12:12,0.7,0,0,0.7,0,0.7,0,0.7,0,0,0.6,3.35258909679154
2024-01-11-02:12:30,0.7,0,0,0.7,0,0.7,0,0.7,0,0.1,0.6,3.35648231406021
2024-01-11-02:12:41,0.7,0,0,0.7,0,0.7,0,0.7,0,0.2,0.6,3.35462825563823
2024-01-11-02:12:51,0.7,0,0,0.7,0,0.7,0,0.7,0,0.1,0,3.35289274361118
2024-01-11-02:13:03,0.7,0,0,0.7,0,0.7,0,0.7,0,0.1,0.1,3.35217317810885
2024-01-11-02:13:11,0.7,0,0,0.7,0,0.7,0,0.7,0,0.1,0.2,3.35230136508577
2024-01-11-02:13:21,0.7,0,0,0.7,0,0.7,0,0.7,0,0.1,0.3,3.3505886727659
2024-01-11-02:13:49,0.7,0,0,0.7,0,0.7,0,0.7,0,0.1,0.6,3.35581022610632
2024-01-11-02:14:49,0.7,0,0,0.7,0,0.7,0,0.7,0,0.1,0.7,3.35466805894503
2024-01-11-02:18:24,0.7,0,0,0.7,0,0.7,0,0.7,0,0,0.7,3.34986564933098
2024-01-11-02:22:45,0.7,0,0,0.7,0,0.7,0,0.7,0,0,0.6,3.35361611473414
2024-01-11-02:22:58,0.7,0,0,0.7,0,0.7,0,0.7,0,0.1,0.6,3.35687553808329
2024-01-17-22:27:05,0.7,0,0,0.1,0,0.1,0,1,0,0.1,0.7,2.75039380172065
2024-01-17-22:28:28,0.7,0,0,0.1,0,0.1,0,0.1,0,0.1,0.7,2.75498635000806
2024-01-17-22:31:41,0.7,0,0,0.7,0,0.7,0,0.7,0,0.1,0.6,3.35409008970357
2024-01-17-22:42:01,0.6,0,0,0.7,0,0.6,0,0.6,0,0.1,0.6,2.84064069266323
2024-01-17-22:42:15,0.6,0,0,0.6,0,0.6,0,0.6,0,0.1,0.6,2.73988502287364
2024-01-17-22:42:47,0.8,0,0,0.8,0,0.8,0,0.88,0,0.1,0,3.25126920635239
2024-01-17-22:43:03,0.8,0,0,0.8,0,0.8,0,0.88,0,0.1,0.1,3.2491441687922
2024-01-17-22:43:12,0.8,0,0,0.8,0,0.8,0,0.88,0,0.1,0.8,3.25109265675528
2024-01-17-22:48:48,0.8,0,0,0,0,0,0,0,0,0.1,0.8,2.45192764761861
2024-01-17-22:49:05,0.7,0,0,0,0,0,0,0,0,0.1,0.7,2.65256072019998
2024-01-17-22:49:22,0.7,0,0,0,0,0,0,0,0,0,0.7,2.65585186942701
2024-01-17-22:49:37,0.7,0,0,0,0,0,0,0,0,0,0,2.65407286079713
2024-01-17-22:50:58,1,0,0,0,0,0,0,0,0,0,0,0.418978642694216
2024-01-17-22:51:08,0.7,0,0,0,0,0,0,0,0,0,0,2.65744474107708
2024-01-17-22:58:49,0,0,0,0,0,0,0,0,0,0,1,1.00856804409264
2024-01-17-22:59:05,0,0,0,0,0,0,0,0,0,0,0,1.01782247549499
2024-01-17-23:01:38,0.7,0,0,0,0,0,0,0,0,0,0,2.65382203776408
2024-01-17-23:06:11,0.1,0,0,0,0,0,0,0,0,0,0,1.03750640180499
2024-01-17-23:11:31,0.6,0,0,0,0,0,0,0,0,0,0,2.1464700417521
2024-01-17-23:11:43,0.7,0,0,0,0,0,0,0,0,0,0,2.64881207216007
2024-01-17-23:14:19,0.7,0,0.7,0,0.7,0,0.7,0,0.7,0,0.7,1.25676189337728
2024-01-17-23:16:22,0,0,0.7,0,0.7,0,0.7,0,0.7,0,0.7,-0.387631159743446
2024-01-17-23:51:19,0,1,1,1,1,1,1,1,1,1,1,-0.285315993403329
2024-01-17-23:51:29,1,1,1,1,1,1,1,1,1,1,1,-0.879958515055751
2024-01-17-23:52:46,1,0,0,0,0,0,0,0,0,0,0,0.415329118913379
2024-01-17-23:54:55,0,1,0,0,0,0,0,0,0,0,0,1.02023563511101
2024-01-17-23:56:31,0,0,1,0,0,0,0,0,0,0,0,1.01720892144804
